5.442000000000000000e+03
5.443000000000000000e+03
5.444000000000000000e+03
5.445000000000000000e+03
5.446000000000000000e+03
5.447000000000000000e+03
5.448000000000000000e+03
5.449000000000000000e+03
5.450000000000000000e+03
5.451000000000000000e+03
5.452000000000000000e+03
5.453000000000000000e+03
5.454000000000000000e+03
5.455000000000000000e+03
5.456000000000000000e+03
5.457000000000000000e+03
5.458000000000000000e+03
5.459000000000000000e+03
5.460000000000000000e+03
5.461000000000000000e+03
5.462000000000000000e+03
5.463000000000000000e+03
5.464000000000000000e+03
5.465000000000000000e+03
5.466000000000000000e+03
5.467000000000000000e+03
5.468000000000000000e+03
5.469000000000000000e+03
5.470000000000000000e+03
5.471000000000000000e+03
5.472000000000000000e+03
5.473000000000000000e+03
5.474000000000000000e+03
5.475000000000000000e+03
5.476000000000000000e+03
5.477000000000000000e+03
5.478000000000000000e+03
5.479000000000000000e+03
5.480000000000000000e+03
5.481000000000000000e+03
5.482000000000000000e+03
5.483000000000000000e+03
5.484000000000000000e+03
5.485000000000000000e+03
5.486000000000000000e+03
5.487000000000000000e+03
5.488000000000000000e+03
5.489000000000000000e+03
5.490000000000000000e+03
5.491000000000000000e+03
5.492000000000000000e+03
5.493000000000000000e+03
5.494000000000000000e+03
5.495000000000000000e+03
5.496000000000000000e+03
5.497000000000000000e+03
5.498000000000000000e+03
5.499000000000000000e+03
5.500000000000000000e+03
5.501000000000000000e+03
5.502000000000000000e+03
5.503000000000000000e+03
5.504000000000000000e+03
5.505000000000000000e+03
5.506000000000000000e+03
5.507000000000000000e+03
5.508000000000000000e+03
5.509000000000000000e+03
5.510000000000000000e+03
5.511000000000000000e+03
5.512000000000000000e+03
5.513000000000000000e+03
5.514000000000000000e+03
5.515000000000000000e+03
5.516000000000000000e+03
5.517000000000000000e+03
5.518000000000000000e+03
5.519000000000000000e+03
5.520000000000000000e+03
5.521000000000000000e+03
5.522000000000000000e+03
5.523000000000000000e+03
5.524000000000000000e+03
5.525000000000000000e+03
5.526000000000000000e+03
5.527000000000000000e+03
5.528000000000000000e+03
5.529000000000000000e+03
5.530000000000000000e+03
5.531000000000000000e+03
5.532000000000000000e+03
5.533000000000000000e+03
5.534000000000000000e+03
5.535000000000000000e+03
5.536000000000000000e+03
5.537000000000000000e+03
5.538000000000000000e+03
5.539000000000000000e+03
5.540000000000000000e+03
5.541000000000000000e+03
5.542000000000000000e+03
5.543000000000000000e+03
5.544000000000000000e+03
5.545000000000000000e+03
5.546000000000000000e+03
5.547000000000000000e+03
5.548000000000000000e+03
5.549000000000000000e+03
5.550000000000000000e+03
5.551000000000000000e+03
5.552000000000000000e+03
5.553000000000000000e+03
5.554000000000000000e+03
5.555000000000000000e+03
5.556000000000000000e+03
5.557000000000000000e+03
5.558000000000000000e+03
5.559000000000000000e+03
5.560000000000000000e+03
5.561000000000000000e+03
5.562000000000000000e+03
5.569000000000000000e+03
5.571000000000000000e+03
5.574000000000000000e+03
5.575000000000000000e+03
5.576000000000000000e+03
5.577000000000000000e+03
5.578000000000000000e+03
5.579000000000000000e+03
5.580000000000000000e+03
5.581000000000000000e+03
5.582000000000000000e+03
5.583000000000000000e+03
5.584000000000000000e+03
5.585000000000000000e+03
5.586000000000000000e+03
5.587000000000000000e+03
5.588000000000000000e+03
5.589000000000000000e+03
5.590000000000000000e+03
5.591000000000000000e+03
5.592000000000000000e+03
5.593000000000000000e+03
5.594000000000000000e+03
5.595000000000000000e+03
5.596000000000000000e+03
5.597000000000000000e+03
5.598000000000000000e+03
5.599000000000000000e+03
5.600000000000000000e+03
5.601000000000000000e+03
5.602000000000000000e+03
5.603000000000000000e+03
5.604000000000000000e+03
5.605000000000000000e+03
5.606000000000000000e+03
5.607000000000000000e+03
5.610000000000000000e+03
5.611000000000000000e+03
5.612000000000000000e+03
5.613000000000000000e+03
5.614000000000000000e+03
5.615000000000000000e+03
5.616000000000000000e+03
5.617000000000000000e+03
5.618000000000000000e+03
5.619000000000000000e+03
5.620000000000000000e+03
5.621000000000000000e+03
5.622000000000000000e+03
5.623000000000000000e+03
5.624000000000000000e+03
5.625000000000000000e+03
5.626000000000000000e+03
5.627000000000000000e+03
5.628000000000000000e+03
5.629000000000000000e+03
5.630000000000000000e+03
5.631000000000000000e+03
5.632000000000000000e+03
5.633000000000000000e+03
5.634000000000000000e+03
5.635000000000000000e+03
5.636000000000000000e+03
5.637000000000000000e+03
5.638000000000000000e+03
5.639000000000000000e+03
5.640000000000000000e+03
5.641000000000000000e+03
5.642000000000000000e+03
5.643000000000000000e+03
5.644000000000000000e+03
5.645000000000000000e+03
5.646000000000000000e+03
5.647000000000000000e+03
5.648000000000000000e+03
5.649000000000000000e+03
5.650000000000000000e+03
5.651000000000000000e+03
5.652000000000000000e+03
5.653000000000000000e+03
5.654000000000000000e+03
5.655000000000000000e+03
5.656000000000000000e+03
5.657000000000000000e+03
5.658000000000000000e+03
5.659000000000000000e+03
5.660000000000000000e+03
5.661000000000000000e+03
5.662000000000000000e+03
5.663000000000000000e+03
5.664000000000000000e+03
5.665000000000000000e+03
5.666000000000000000e+03
5.667000000000000000e+03
5.670000000000000000e+03
5.671000000000000000e+03
5.672000000000000000e+03
5.673000000000000000e+03
5.674000000000000000e+03
5.675000000000000000e+03
5.676000000000000000e+03
5.677000000000000000e+03
5.678000000000000000e+03
5.679000000000000000e+03
5.680000000000000000e+03
5.681000000000000000e+03
5.682000000000000000e+03
5.683000000000000000e+03
5.684000000000000000e+03
5.685000000000000000e+03
5.686000000000000000e+03
5.687000000000000000e+03
5.688000000000000000e+03
5.689000000000000000e+03
5.690000000000000000e+03
5.692000000000000000e+03
5.693000000000000000e+03
5.694000000000000000e+03
5.695000000000000000e+03
5.697000000000000000e+03
5.698000000000000000e+03
5.699000000000000000e+03
5.700000000000000000e+03
5.701000000000000000e+03
5.706000000000000000e+03
5.707000000000000000e+03
5.708000000000000000e+03
5.709000000000000000e+03
5.710000000000000000e+03
5.711000000000000000e+03
5.712000000000000000e+03
5.713000000000000000e+03
5.714000000000000000e+03
5.715000000000000000e+03
5.716000000000000000e+03
5.717000000000000000e+03
5.718000000000000000e+03
5.719000000000000000e+03
5.720000000000000000e+03
5.721000000000000000e+03
5.722000000000000000e+03
5.723000000000000000e+03
5.724000000000000000e+03
5.725000000000000000e+03
5.726000000000000000e+03
5.727000000000000000e+03
5.728000000000000000e+03
5.729000000000000000e+03
5.730000000000000000e+03
5.731000000000000000e+03
5.732000000000000000e+03
5.733000000000000000e+03
5.734000000000000000e+03
5.735000000000000000e+03
5.736000000000000000e+03
5.737000000000000000e+03
5.738000000000000000e+03
5.739000000000000000e+03
5.740000000000000000e+03
5.741000000000000000e+03
5.742000000000000000e+03
5.743000000000000000e+03
5.744000000000000000e+03
5.745000000000000000e+03
5.746000000000000000e+03
5.748000000000000000e+03
5.749000000000000000e+03
5.750000000000000000e+03
5.751000000000000000e+03
5.752000000000000000e+03
5.753000000000000000e+03
5.754000000000000000e+03
5.755000000000000000e+03
5.756000000000000000e+03
5.757000000000000000e+03
5.758000000000000000e+03
5.759000000000000000e+03
5.760000000000000000e+03
5.761000000000000000e+03
5.762000000000000000e+03
5.763000000000000000e+03
5.764000000000000000e+03
5.765000000000000000e+03
5.766000000000000000e+03
5.767000000000000000e+03
5.768000000000000000e+03
5.769000000000000000e+03
5.770000000000000000e+03
5.771000000000000000e+03
5.772000000000000000e+03
5.773000000000000000e+03
5.774000000000000000e+03
5.775000000000000000e+03
5.776000000000000000e+03
5.777000000000000000e+03
5.778000000000000000e+03
5.779000000000000000e+03
5.780000000000000000e+03
5.781000000000000000e+03
5.782000000000000000e+03
5.783000000000000000e+03
5.784000000000000000e+03
5.785000000000000000e+03
5.786000000000000000e+03
5.787000000000000000e+03
5.788000000000000000e+03
5.789000000000000000e+03
5.790000000000000000e+03
5.791000000000000000e+03
5.792000000000000000e+03
5.793000000000000000e+03
5.794000000000000000e+03
5.795000000000000000e+03
5.796000000000000000e+03
5.797000000000000000e+03
5.798000000000000000e+03
5.799000000000000000e+03
5.800000000000000000e+03
5.801000000000000000e+03
5.802000000000000000e+03
5.803000000000000000e+03
5.804000000000000000e+03
5.805000000000000000e+03
5.806000000000000000e+03
5.807000000000000000e+03
5.808000000000000000e+03
5.809000000000000000e+03
5.810000000000000000e+03
5.811000000000000000e+03
5.812000000000000000e+03
5.813000000000000000e+03
5.814000000000000000e+03
5.815000000000000000e+03
5.816000000000000000e+03
5.817000000000000000e+03
5.818000000000000000e+03
5.819000000000000000e+03
5.820000000000000000e+03
5.821000000000000000e+03
5.822000000000000000e+03
5.823000000000000000e+03
5.824000000000000000e+03
5.825000000000000000e+03
5.826000000000000000e+03
5.827000000000000000e+03
5.828000000000000000e+03
5.829000000000000000e+03
5.830000000000000000e+03
5.831000000000000000e+03
5.832000000000000000e+03
5.833000000000000000e+03
5.834000000000000000e+03
5.835000000000000000e+03
5.836000000000000000e+03
5.837000000000000000e+03
5.838000000000000000e+03
5.839000000000000000e+03
5.840000000000000000e+03
5.841000000000000000e+03
5.842000000000000000e+03
5.843000000000000000e+03
5.844000000000000000e+03
5.845000000000000000e+03
5.846000000000000000e+03
5.847000000000000000e+03
5.848000000000000000e+03
5.849000000000000000e+03
5.850000000000000000e+03
5.851000000000000000e+03
5.852000000000000000e+03
5.853000000000000000e+03
5.854000000000000000e+03
5.855000000000000000e+03
5.856000000000000000e+03
5.857000000000000000e+03
5.858000000000000000e+03
5.859000000000000000e+03
5.860000000000000000e+03
5.861000000000000000e+03
5.862000000000000000e+03
5.863000000000000000e+03
5.864000000000000000e+03
5.865000000000000000e+03
5.866000000000000000e+03
5.867000000000000000e+03
5.868000000000000000e+03
5.869000000000000000e+03
5.870000000000000000e+03
5.871000000000000000e+03
5.872000000000000000e+03
5.873000000000000000e+03
5.874000000000000000e+03
5.875000000000000000e+03
5.876000000000000000e+03
5.877000000000000000e+03
5.878000000000000000e+03
5.879000000000000000e+03
5.880000000000000000e+03
5.881000000000000000e+03
5.882000000000000000e+03
5.883000000000000000e+03
5.884000000000000000e+03
5.885000000000000000e+03
5.886000000000000000e+03
5.887000000000000000e+03
5.888000000000000000e+03
5.889000000000000000e+03
5.890000000000000000e+03
5.891000000000000000e+03
5.892000000000000000e+03
5.893000000000000000e+03
5.894000000000000000e+03
5.895000000000000000e+03
5.896000000000000000e+03
5.897000000000000000e+03
5.898000000000000000e+03
5.899000000000000000e+03
5.900000000000000000e+03
5.901000000000000000e+03
5.902000000000000000e+03
5.903000000000000000e+03
5.904000000000000000e+03
5.905000000000000000e+03
5.906000000000000000e+03
5.907000000000000000e+03
5.908000000000000000e+03
5.909000000000000000e+03
5.910000000000000000e+03
5.911000000000000000e+03
5.912000000000000000e+03
5.913000000000000000e+03
5.914000000000000000e+03
5.915000000000000000e+03
5.916000000000000000e+03
5.917000000000000000e+03
5.918000000000000000e+03
5.919000000000000000e+03
5.920000000000000000e+03
5.921000000000000000e+03
5.922000000000000000e+03
5.923000000000000000e+03
5.924000000000000000e+03
5.925000000000000000e+03
5.926000000000000000e+03
5.927000000000000000e+03
5.928000000000000000e+03
5.929000000000000000e+03
5.930000000000000000e+03
5.931000000000000000e+03
5.932000000000000000e+03
5.933000000000000000e+03
5.934000000000000000e+03
5.935000000000000000e+03
5.936000000000000000e+03
5.937000000000000000e+03
5.938000000000000000e+03
5.939000000000000000e+03
5.940000000000000000e+03
5.941000000000000000e+03
5.942000000000000000e+03
5.943000000000000000e+03
5.944000000000000000e+03
5.945000000000000000e+03
5.946000000000000000e+03
5.947000000000000000e+03
5.948000000000000000e+03
5.949000000000000000e+03
5.950000000000000000e+03
5.951000000000000000e+03
5.952000000000000000e+03
5.953000000000000000e+03
5.954000000000000000e+03
5.955000000000000000e+03
5.956000000000000000e+03
5.957000000000000000e+03
5.958000000000000000e+03
5.959000000000000000e+03
5.960000000000000000e+03
5.961000000000000000e+03
5.962000000000000000e+03
5.963000000000000000e+03
5.964000000000000000e+03
5.965000000000000000e+03
5.966000000000000000e+03
5.967000000000000000e+03
5.968000000000000000e+03
5.969000000000000000e+03
5.970000000000000000e+03
5.971000000000000000e+03
5.972000000000000000e+03
5.973000000000000000e+03
5.974000000000000000e+03
5.975000000000000000e+03
5.976000000000000000e+03
5.977000000000000000e+03
5.978000000000000000e+03
5.979000000000000000e+03
5.980000000000000000e+03
5.981000000000000000e+03
5.982000000000000000e+03
5.983000000000000000e+03
5.984000000000000000e+03
5.985000000000000000e+03
5.986000000000000000e+03
5.987000000000000000e+03
5.988000000000000000e+03
5.989000000000000000e+03
5.990000000000000000e+03
5.991000000000000000e+03
5.992000000000000000e+03
5.993000000000000000e+03
5.994000000000000000e+03
5.995000000000000000e+03
5.996000000000000000e+03
5.997000000000000000e+03
5.998000000000000000e+03
5.999000000000000000e+03
6.000000000000000000e+03
6.001000000000000000e+03
6.002000000000000000e+03
6.003000000000000000e+03
6.004000000000000000e+03
6.005000000000000000e+03
6.006000000000000000e+03
6.007000000000000000e+03
6.008000000000000000e+03
6.009000000000000000e+03
6.010000000000000000e+03
6.011000000000000000e+03
6.012000000000000000e+03
6.013000000000000000e+03
6.014000000000000000e+03
6.015000000000000000e+03
6.016000000000000000e+03
6.017000000000000000e+03
6.018000000000000000e+03
6.019000000000000000e+03
6.020000000000000000e+03
6.021000000000000000e+03
6.022000000000000000e+03
6.023000000000000000e+03
6.024000000000000000e+03
6.025000000000000000e+03
6.026000000000000000e+03
6.027000000000000000e+03
6.028000000000000000e+03
6.029000000000000000e+03
6.030000000000000000e+03
6.031000000000000000e+03
6.032000000000000000e+03
6.033000000000000000e+03
6.034000000000000000e+03
6.035000000000000000e+03
6.036000000000000000e+03
6.037000000000000000e+03
6.038000000000000000e+03
6.039000000000000000e+03
6.040000000000000000e+03
6.041000000000000000e+03
6.042000000000000000e+03
6.043000000000000000e+03
6.044000000000000000e+03
6.045000000000000000e+03
6.046000000000000000e+03
6.047000000000000000e+03
6.048000000000000000e+03
6.049000000000000000e+03
6.050000000000000000e+03
6.051000000000000000e+03
6.052000000000000000e+03
6.053000000000000000e+03
6.054000000000000000e+03
6.055000000000000000e+03
6.056000000000000000e+03
6.057000000000000000e+03
6.058000000000000000e+03
6.059000000000000000e+03
6.060000000000000000e+03
6.061000000000000000e+03
6.062000000000000000e+03
6.063000000000000000e+03
6.064000000000000000e+03
6.065000000000000000e+03
6.066000000000000000e+03
6.067000000000000000e+03
6.068000000000000000e+03
6.069000000000000000e+03
6.070000000000000000e+03
6.071000000000000000e+03
6.072000000000000000e+03
6.073000000000000000e+03
6.074000000000000000e+03
6.075000000000000000e+03
6.076000000000000000e+03
6.077000000000000000e+03
6.078000000000000000e+03
6.079000000000000000e+03
6.080000000000000000e+03
6.081000000000000000e+03
6.082000000000000000e+03
6.083000000000000000e+03
6.084000000000000000e+03
6.085000000000000000e+03
6.086000000000000000e+03
6.087000000000000000e+03
6.088000000000000000e+03
6.089000000000000000e+03
6.090000000000000000e+03
6.091000000000000000e+03
6.092000000000000000e+03
6.093000000000000000e+03
6.094000000000000000e+03
6.095000000000000000e+03
6.096000000000000000e+03
6.097000000000000000e+03
6.098000000000000000e+03
6.099000000000000000e+03
6.100000000000000000e+03
6.101000000000000000e+03
6.102000000000000000e+03
6.103000000000000000e+03
6.104000000000000000e+03
6.105000000000000000e+03
6.106000000000000000e+03
6.107000000000000000e+03
6.108000000000000000e+03
6.109000000000000000e+03
6.110000000000000000e+03
6.111000000000000000e+03
6.112000000000000000e+03
6.113000000000000000e+03
6.114000000000000000e+03
6.115000000000000000e+03
6.116000000000000000e+03
6.117000000000000000e+03
6.118000000000000000e+03
6.119000000000000000e+03
6.120000000000000000e+03
6.121000000000000000e+03
6.122000000000000000e+03
6.123000000000000000e+03
6.124000000000000000e+03
6.125000000000000000e+03
6.126000000000000000e+03
6.127000000000000000e+03
6.128000000000000000e+03
6.129000000000000000e+03
6.130000000000000000e+03
6.131000000000000000e+03
6.132000000000000000e+03
6.133000000000000000e+03
6.134000000000000000e+03
6.135000000000000000e+03
6.136000000000000000e+03
6.137000000000000000e+03
6.138000000000000000e+03
6.139000000000000000e+03
6.140000000000000000e+03
6.141000000000000000e+03
6.142000000000000000e+03
6.143000000000000000e+03
6.144000000000000000e+03
6.145000000000000000e+03
6.146000000000000000e+03
6.147000000000000000e+03
6.148000000000000000e+03
6.149000000000000000e+03
6.150000000000000000e+03
6.151000000000000000e+03
6.152000000000000000e+03
6.153000000000000000e+03
6.154000000000000000e+03
6.155000000000000000e+03
6.156000000000000000e+03
6.157000000000000000e+03
6.158000000000000000e+03
6.159000000000000000e+03
6.160000000000000000e+03
6.161000000000000000e+03
6.162000000000000000e+03
6.163000000000000000e+03
6.164000000000000000e+03
6.165000000000000000e+03
6.166000000000000000e+03
6.167000000000000000e+03
6.168000000000000000e+03
6.169000000000000000e+03
6.170000000000000000e+03
6.171000000000000000e+03
6.172000000000000000e+03
6.173000000000000000e+03
6.174000000000000000e+03
6.175000000000000000e+03
6.176000000000000000e+03
6.177000000000000000e+03
6.178000000000000000e+03
6.179000000000000000e+03
6.180000000000000000e+03
6.181000000000000000e+03
6.182000000000000000e+03
6.183000000000000000e+03
6.184000000000000000e+03
6.185000000000000000e+03
6.186000000000000000e+03
6.187000000000000000e+03
6.188000000000000000e+03
6.189000000000000000e+03
6.190000000000000000e+03
6.191000000000000000e+03
6.192000000000000000e+03
6.193000000000000000e+03
6.194000000000000000e+03
6.195000000000000000e+03
6.196000000000000000e+03
6.197000000000000000e+03
6.198000000000000000e+03
6.199000000000000000e+03
6.200000000000000000e+03
6.201000000000000000e+03
6.202000000000000000e+03
6.203000000000000000e+03
6.204000000000000000e+03
6.205000000000000000e+03
6.206000000000000000e+03
6.207000000000000000e+03
6.208000000000000000e+03
6.209000000000000000e+03
6.210000000000000000e+03
6.211000000000000000e+03
6.212000000000000000e+03
6.213000000000000000e+03
6.214000000000000000e+03
6.215000000000000000e+03
6.216000000000000000e+03
6.217000000000000000e+03
6.218000000000000000e+03
6.219000000000000000e+03
6.220000000000000000e+03
6.221000000000000000e+03
6.222000000000000000e+03
6.223000000000000000e+03
6.224000000000000000e+03
6.225000000000000000e+03
6.226000000000000000e+03
6.227000000000000000e+03
6.228000000000000000e+03
6.229000000000000000e+03
6.230000000000000000e+03
6.231000000000000000e+03
6.232000000000000000e+03
6.233000000000000000e+03
6.234000000000000000e+03
6.235000000000000000e+03
6.236000000000000000e+03
6.237000000000000000e+03
6.238000000000000000e+03
6.239000000000000000e+03
